encog,BasicNetwork,java,3.3.0,1,1460185231582
[BASIC]
[BASIC:PARAMS]
[BASIC:NETWORK]
beginTraining=0
connectionLimit=0
contextTargetOffset=0,0,0
contextTargetSize=0,0,0
endTraining=2
hasContext=f
inputCount=11
layerCounts=1,7,12
layerFeedCounts=1,6,11
layerContextCount=0,0,0
layerIndex=0,1,8
output=0.0083501607,0.292746153,0.0007214737,0.7754042122,0.6113723008,0.5937899574,0.4633528687,1,0.0036394817,0.0540891768,0.03328125,0.0328563262,0.045543064,0.0352057927,0.0019778963,0.0021303354,0.1353467988,0,0.1316712115,1
outputCount=1
weightIndex=0,7,79
weights=-1.6811968686,-23.640954936,-1.2410723069,-1.4863998024,-1.2520992287,-0.4863028999,-1.4279788741,31.1755295961,-3.0019729404,22.1029433873,-2.1652138667,7.3076214673,0.9805175888,0.76841693,-1.5218036789,-19.3675779629,1.2300940911,0.9717611681,0.6301325151,-972.125142806,-17.3563204445,-21.7315324982,-12.8975666555,3.236279176,-2.3841419206,44.5459933587,29.158953309,0.80806104,-1.7061234057,-3.9411370003,-1.4137672662,-28.7682776629,-2.3284647295,-0.58451644,-2.6583970326,-0.176701031,0.0285115426,15.1021832345,-1.7294986475,0.7546936809,-0.5827500246,-0.632754993,1.5385549654,-21.493790365,-1.8808869481,-7.1964614951,-1.4508340398,6.1703382064,0.6332873063,2.5685167587,0.8944885059,-6.9652916167,-0.5366465076,0.1624306415,1.5312676576,-62.9641893271,-3.9000746677,0.0005435276,-1.0073535465,-0.8615184095,0.8493212405,1.4892648084,-1.7151555626,-0.0438235945,2.1525589252,0.1147054232,0.8537153558,-1.6346492864,-2.7563357465,-0.2813430027,-0.9581247726,-0.5644224704,-0.5435842024,0.5839943082,-0.8917376898,-1.0729536111,0.4566580227,0.3824896888,0.189474664
biasActivation=0,1,1
[BASIC:ACTIVATION]
"org.encog.engine.network.activation.ActivationSigmoid"
"org.encog.engine.network.activation.ActivationSigmoid"
"org.encog.engine.network.activation.ActivationLinear"
