encog,BasicNetwork,java,3.3.0,1,1447835797258
[BASIC]
[BASIC:PARAMS]
[BASIC:NETWORK]
beginTraining=0
connectionLimit=0
contextTargetOffset=0,0,0
contextTargetSize=0,0,0
endTraining=2
hasContext=f
inputCount=11
layerCounts=1,7,12
layerFeedCounts=1,6,11
layerContextCount=0,0,0
layerIndex=0,1,8
output=0.010546772,0.4662411066,0.8795351269,0.2146768202,0.1770770045,0.0927546351,0.4011638265,1,0.0036394817,0.0540891768,0.03328125,0.0328563262,0.045543064,0.0352057927,0.0019778963,0.0021303354,0.1353467988,0,0.1316712115,1
outputCount=1
weightIndex=0,7,79
weights=-1.4422342011,-1.7651017415,-2.2515026961,-0.9146453767,-1.148567449,-1.304882452,-1.0411201011,1.4884705003,-108.3372240035,-3.4165197574,-3.8093926283,199.1055823188,2.2350590556,2.0086641464,-5.1913727351,-39.4105014357,0.3824588348,0.2511533098,2.1196180438,0.4851661608,-4.8684789279,-2.0627687346,-3.7325469473,-2.6305879605,0.8832392334,9.9090597907,-4.109706152,4.4629853218,5.9484256217,-2.3374335975,2.2224786639,-2.8159925065,-4.3293473327,-0.9092149922,-0.5931094995,-5.1864770294,-0.2918138346,-0.3255096057,4.8689157518,-6.2886357259,0.8703441487,-1.0549036294,0.2240053521,-1.7394261082,-2.6295422019,-1.9943682648,15.971505372,-0.8904555414,-0.5523351282,0.4291055222,-1.8842371668,-6.8660325822,-0.280696897,-1.1040796022,-0.7082716486,-5.5422114566,-6.7939621432,0.363365402,-6.8926738533,-6.1675971914,1.0103313366,-0.3006630089,-3.2370242576,-6.1809058851,-8.1111140307,1.0080779817,-0.7217866181,-21.2393374801,-8.6569330654,0.1113473247,6.7826867017,2.6338598197,-0.3883120979,0.8013140868,-3.6507093328,-0.0430142074,-0.2357122042,0.1031006689,-0.1894760004
biasActivation=0,1,1
[BASIC:ACTIVATION]
"org.encog.engine.network.activation.ActivationSigmoid"
"org.encog.engine.network.activation.ActivationSigmoid"
"org.encog.engine.network.activation.ActivationLinear"
