encog,BasicNetwork,java,3.3.0,1,1460185156892
[BASIC]
[BASIC:PARAMS]
[BASIC:NETWORK]
beginTraining=0
connectionLimit=0
contextTargetOffset=0,0,0
contextTargetSize=0,0,0
endTraining=2
hasContext=f
inputCount=11
layerCounts=1,7,12
layerFeedCounts=1,6,11
layerContextCount=0,0,0
layerIndex=0,1,8
output=0.159460933,0.1365852752,0.3304784828,0.7848578746,0.2346061679,0.605023801,0.2571116675,1,0.0036394817,0.0540891768,0.03328125,0.0328563262,0.045543064,0.0352057927,0.0019778963,0.0021303354,0.1353467988,0,0.1316712115,1
outputCount=1
weightIndex=0,7,79
weights=-3.0454439517,-1.1767078924,0.4625828076,-2.0141954619,-1.0073110359,-0.7930820021,0.0654336718,172.8442157609,1.4515141451,1.4790453299,1.3818783789,11.5347660238,-0.2620769679,-122.0005930054,-6.10990446,-18.394008837,-28.102387448,-0.882363949,-0.3021776273,-0.2327336288,5.0591643756,14.0052845426,13.0724195068,6.8185377981,1.7394724247,-11.8422882912,-1.0033367416,-21.4704822647,-0.0829489364,1.5901787478,0.4759181196,34.9063717894,46.3522011298,-0.9370273919,-1.0654820813,-8.1389464806,-1.0264966921,-30.5400806202,36.5100956168,2.6976304866,-49.7213121961,-0.7745309971,-1.147491103,2.3914454002,1.5834182979,13.1601313181,0.0220928128,15.1323354233,1.2654412275,-4.9472919483,-2.0256973649,-21.7978514999,-0.5422274898,0.2396359773,0.4835499134,-76.8020479395,-10.3531401052,1.4231276514,-0.1173446402,5.9538441506,0.7473348768,0.5350745743,-51.2455580573,-2.7820111406,37.3067764813,-0.8187358523,1.5174321356,-27.4960903562,-36.354374173,0.5405791012,0.3679284011,6.8657149268,-0.3903695842,77.425341453,7.2110861047,-2.7789621363,-0.3897679381,-0.0031785769,0.8844329219
biasActivation=0,1,1
[BASIC:ACTIVATION]
"org.encog.engine.network.activation.ActivationSigmoid"
"org.encog.engine.network.activation.ActivationSigmoid"
"org.encog.engine.network.activation.ActivationLinear"
