encog,BasicNetwork,java,3.3.0,1,1447835725706
[BASIC]
[BASIC:PARAMS]
[BASIC:NETWORK]
beginTraining=0
connectionLimit=0
contextTargetOffset=0,0,0
contextTargetSize=0,0,0
endTraining=2
hasContext=f
inputCount=11
layerCounts=1,7,12
layerFeedCounts=1,6,11
layerContextCount=0,0,0
layerIndex=0,1,8
output=0.1601977743,0.7618842544,0.209427006,0.1978023408,0.2854563428,0.1802427655,0.2194012756,1,0.0036394817,0.0540891768,0.03328125,0.0328563262,0.045543064,0.0352057927,0.0019778963,0.0021303354,0.1353467988,0,0.1316712115,1
outputCount=1
weightIndex=0,7,79
weights=0.1422563323,-0.7275053756,-1.5598089685,-1.1393685282,-1.2813033259,-1.6608186427,-0.3836756422,-0.7797820536,0.1712086036,-9.7066062751,-9.5576628834,3.9316270018,-0.9616151313,-2.7060937328,13.1324490102,7.7936868597,-56.7731602241,2.71505497,0.2135197056,-83.7529565589,-15.1069769985,0.8186264459,3.0085762646,5.7064034023,1.0652648854,6.6774272178,8.8901679654,-3.6170801757,0.2291676348,-4.1180532426,0.3697152903,-0.5907303069,3.9910090101,7.3326056907,2.6733931285,20.0477619937,-0.1844206739,-2.3747284046,2.7571234773,-30.0262563915,0.3845348902,1.8309601968,0.9694690894,-160.4808456029,-35.4582920346,3.3839174676,5.7261337594,7.0247903848,0.9258625081,71.9624122424,-5.8440499327,-3.8609153225,0.6769060391,-0.5758476461,1.3996356922,342.7250915481,0.2301968128,27.5093493936,-1.1687978131,20.3669393782,-0.1866932359,-255.6022311709,-84.3525221018,-29.894098007,-12.4184479436,-0.8573795023,0.2715768127,-0.6304833178,3.290614764,6.0963511248,2.8995219213,7.3251059632,1.2809681867,0.2708737263,6.5451309558,-17.7308418717,0.2625399236,0.9380308573,0.1401039792
biasActivation=0,1,1
[BASIC:ACTIVATION]
"org.encog.engine.network.activation.ActivationSigmoid"
"org.encog.engine.network.activation.ActivationSigmoid"
"org.encog.engine.network.activation.ActivationLinear"
