encog,BasicNetwork,java,3.3.0,1,1447835869762
[BASIC]
[BASIC:PARAMS]
[BASIC:NETWORK]
beginTraining=0
connectionLimit=0
contextTargetOffset=0,0,0
contextTargetSize=0,0,0
endTraining=2
hasContext=f
inputCount=11
layerCounts=1,7,12
layerFeedCounts=1,6,11
layerContextCount=0,0,0
layerIndex=0,1,8
output=0.0146239312,0.3883525531,0,0,0.1753178908,0.2672500858,0.8964852106,1,0.0036394817,0.0540891768,0.03328125,0.0328563262,0.045543064,0.0352057927,0.0019778963,0.0021303354,0.1353467988,0,0.1316712115,1
outputCount=1
weightIndex=0,7,79
weights=-1.3274675451,-1.7568485249,-23.9590381272,-1.6530882519,-3.2436906974,-1.9724300164,-0.7698917444,5.3725636713,-2.4580282164,9.2141001097,-5.4357651634,-0.3481272023,-0.8401447508,0.6875194802,0.4742281756,-4.2985677734,-0.3954809666,-1.1020718666,0.3010705589,-0.1150693047,-3575.992483624,-1.6000239249,-3845.3233069991,-863.992396091,-0.2512921263,0.6486918637,1042.7978700284,-2.2967912528,784.3245348993,-1.3910055686,-1.1228790251,-335.5787705611,-878.1975723265,-13.7328107876,-130.1188784875,10.3367944518,1.1376478045,10.00026389,38.4376200705,-4.5309335201,8.4272117967,-0.1934801188,2.019795523,33.3621182391,-14.6491285952,-0.4817611465,-3.2690806616,2.3476007619,0.3705691779,23.4585946905,1.3942162811,-2.6548478513,0.7787688069,-0.8694371108,-0.449541998,-206.1840987101,-7.9148064673,27.9990145197,-5.4562239192,38.6949927652,2.6429571447,-100.4194482831,60.0222662071,-30.592505591,17.8081697198,1.0864282287,1.6302804476,226.5771692602,-25.2342960099,-0.3693610595,-28.7064404904,3.1511013159,2.4018657508,898.5417397718,-73.2662332337,-3.0098062838,-7.3081111757,0.4324082758,2.1557478635
biasActivation=0,1,1
[BASIC:ACTIVATION]
"org.encog.engine.network.activation.ActivationSigmoid"
"org.encog.engine.network.activation.ActivationSigmoid"
"org.encog.engine.network.activation.ActivationLinear"
