encog,BasicNetwork,java,3.3.0,1,1460185307282
[BASIC]
[BASIC:PARAMS]
[BASIC:NETWORK]
beginTraining=0
connectionLimit=0
contextTargetOffset=0,0,0
contextTargetSize=0,0,0
endTraining=2
hasContext=f
inputCount=11
layerCounts=1,7,12
layerFeedCounts=1,6,11
layerContextCount=0,0,0
layerIndex=0,1,8
output=0.0113487216,0.1861490917,0.8884544664,0.0031616128,0.0000000057,0.6114358771,0.0293130158,1,0.0036394817,0.0540891768,0.03328125,0.0328563262,0.045543064,0.0352057927,0.0019778963,0.0021303354,0.1353467988,0,0.1316712115,1
outputCount=1
weightIndex=0,7,79
weights=-2.0946535566,-1.5459173067,-2.6280374897,2.8061991778,-1.41979717,-3.5477894788,-1.7234214182,-385.8502739899,-7.0261328131,43.8373377325,-54.4960686567,24.1593336729,2.9173211624,56.3518992663,27.5700628037,-19.3329768245,-5.9571792915,-2.0631674115,2.1558105958,0.9836646659,-6.8259619033,24.7126502967,-11.5358065039,-1.3321095639,1.7178747604,303.6545516899,33.7334614966,-3.6621951468,0.4447176153,-1.9678572641,2.0797424127,-2.0273693952,-31.2163816639,-0.9605895688,-39.3588607015,5.4299193184,-0.1743881787,-224.9140802414,75.4647987528,-24.2707944776,10.6494437708,-1.2794520981,0.7638748185,119.8589970835,-154.7382635444,-13.887630037,-61.1158501997,92.883641859,-3.9557884279,22.0814900285,312.289955434,-60.0631544925,10.6879014453,-16.618935218,-3.0652220586,-5.3181865769,-2.1740991233,3.7725565346,-8.6952456406,2.7175390675,2.8723823523,3.7477158029,10.3115231367,-7.8952384535,-4.4173617958,1.1307501743,1.4158798399,-4.3133842732,-25.7716350265,-1.0128121431,-45.515542658,17.6352791205,0.0117695916,-45.8856093493,2.8370700555,-9.7366355249,4.4285067966,-0.6378298739,0.121814116
biasActivation=0,1,1
[BASIC:ACTIVATION]
"org.encog.engine.network.activation.ActivationSigmoid"
"org.encog.engine.network.activation.ActivationSigmoid"
"org.encog.engine.network.activation.ActivationLinear"
